time,x,y,z,phi,theta,psi,x_velocity,y_velocity,z_velocity,phi_velocity,theta_velocity,psi_velocity,rotor_speed1,rotor_speed2,rotor_speed3,rotor_speed4
0.06,3.64511671356e-08,2.55958200342e-08,10.0031450325,3.16004042373e-05,6.28313327621,0.0,3.82690056611e-06,2.49710483071e-06,0.104829799507,0.00155983473912,-0.00266069005119,0.0,438.08796232183374,437.8667319113735,438.81695498857584,438.94638412815294
0.12000000000000001,2.19143573779e-06,1.20162596673e-06,10.0148204699,6.28311424498,6.28262754865,0.0,0.000101688624815,3.72893209713e-05,0.284323177072,-0.00922207559719,-0.0236290564695,0.0,462.12858155077066,460.47319468723276,462.0387986527729,461.18816522000674
0.18,2.69137106275e-05,-5.19128188111e-07,10.0373460444,6.2826189693,6.28150057787,0.0,0.000865979427345,-0.000154424144589,0.466471895326,-0.00638659208888,-0.0105225942045,0.0,460.55150396147263,461.5868519412571,463.4972638813619,463.7201376321647
0.23999999999999996,0.000123384946477,-2.53186889843e-05,10.0723415247,6.28239876021,6.2805533265,0.0,0.00244207955123,-0.00070829957899,0.699929962305,0.00127401184033,-0.0292345337133,0.0,477.7103003949645,476.2816241541449,477.9773339758922,478.5607740438918
0.3,0.000332419735478,-8.23229243767e-05,10.1178030859,0.000425248432489,6.27872164141,0.0,0.00471236555837,-0.00110925532528,0.815379126752,0.0433131148328,-0.0332490038097,0.0,443.1485739811461,442.8181925783309,439.8709450281179,443.33819914758345
0.36000000000000004,0.000730571612592,-0.00012710694267,10.1729320535,0.00315852766101,6.27662292167,0.0,0.0087994040303,-6.9240256754e-05,1.02208946397,0.0496968192893,-0.0386832915945,0.0,470.8584888810757,470.43749115362493,469.58227044850673,470.0782274312088
0.4200000000000001,0.00143242666189,-3.87165473442e-05,10.2414566708,0.00564013829333,6.27418194916,0.0,0.0148858234789,0.00336274289598,1.26182742248,0.0141813078981,-0.0450150085407,0.0,480.5649931944863,480.0841296341842,481.52940438793956,478.83618129610244
0.48000000000000015,0.00255099021993,0.000300427106975,10.3232165694,0.00638790366697,6.27121938509,0.0,0.0227265393823,0.00803447307407,1.46326271799,0.00878284220117,-0.0599546436788,0.0,470.1178336434873,468.9574952019534,469.7915355624517,469.37267813028654
0.5400000000000001,0.0041892057047,0.000923735064822,10.4151419891,0.00681678586436,6.26810175564,0.0,0.0322356369139,0.0127928760645,1.60073025711,0.00365959098794,-0.0394731448869,0.0,449.69252039765354,451.34655839321664,451.1955050658329,450.7816236332663
0.6000000000000002,0.00643644829381,0.00182985370093,10.5136945817,0.00728666398366,6.26539592594,0.0,0.0429197295662,0.0174456238515,1.68423215338,0.015086744651,-0.0597758399809,0.0,434.81238464314384,433.10694698949465,433.96744137820133,434.9253905394364
0.6600000000000003,0.00942979373829,0.0030454900132,10.6197430251,0.00778195325037,6.26158586213,0.0,0.0572657108211,0.0231583157909,1.85045285144,-0.0111429525076,-0.0722427626886,0.0,460.7719113206364,459.7824996754294,461.17265364184664,459.09627277817305
0.7200000000000003,0.0134061866404,0.00461959662141,10.7372314089,0.00686119954424,6.25718553275,0.0,0.0757921452001,0.0292164787628,2.06545146159,-0.0254593455307,-0.0756250185778,0.0,475.80165935548774,475.5388651042047,475.42649745987677,474.32849292868605
0.7800000000000004,0.018544352118,0.00651776504497,10.8654985018,0.00572267242386,6.25249121298,0.0,0.0959731820301,0.0339118100793,2.20983642956,-0.00842630164719,-0.0840547134584,0.0,454.5946875357079,453.91397310482466,454.9171996942542,456.27900419910696
0.8400000000000004,0.0250195946154,0.00868016242103,11.0031276322,0.00488492967057,6.24823368716,0.0,0.120369247632,0.0380945767449,2.37745017671,-0.0283379731615,-0.0528782845819,0.0,461.3673702997206,463.81817263558406,463.3459799030925,461.7780882678537
0.9000000000000005,0.0330884406074,0.0110753364602,11.151936212,0.00366193241171,6.24517926901,0.0,0.148941870775,0.0415747269845,2.58238137997,-0.00794187861679,-0.0472314112154,0.0,474.28469807175907,474.71670403600865,473.5190269849625,475.08539894365765
0.9600000000000005,0.0428576968567,0.0136470923711,11.3108560837,0.00318181084174,6.24313748073,0.0,0.17693927913,0.044098234387,2.71463083188,-0.0081225962427,-0.0158421839815,0.0,451.18847695158604,453.71489408826034,454.56293220706175,454.54856873164033
1.0200000000000005,0.054501944263,0.0163724698068,11.4816312081,0.0030702207523,6.2424772934,0.0,0.211275241179,0.0467107267383,2.9772205191,0.00839332764655,-0.002752786839,0.0,492.2789050295292,493.2466239091448,491.7866406452493,493.008475043495
1.0800000000000005,0.067998232583,0.0192386786765,11.6627325024,0.00323431929529,6.24254402911,0.0,0.238595128538,0.0488654954343,3.05926998866,-0.0120732072017,0.00789763525102,0.0,440.07169345995345,440.9523925570285,440.1229141925098,438.4256892125293
1.1400000000000006,0.083105219111,0.0222310325169,11.8481587247,0.00242182308677,6.24246271181,0.0,0.264928757615,0.0508051441663,3.12143520688,-0.0166531006362,-0.0357041333605,0.0,435.2932207488583,431.62898129259867,434.7531507216406,434.369346219675
1.2000000000000006,0.0999347865139,0.0253299880541,12.0405045467,0.00115931810465,6.24032991391,0.0,0.29627586529,0.0523676282405,3.28960951705,-0.0317064342107,-0.0352335429933,0.0,466.9984512071936,467.03467018017767,468.01991016201373,466.8468011662707
1.2600000000000007,0.118526647222,0.028487358773,12.239085941,6.28265014264,6.23810143426,0.0,0.323648342102,0.0527110896286,3.32964151163,-0.0220839185349,-0.041258419705,0.0,428.36004293883855,427.846664217441,428.05475828815497,428.872603235618
1.3200000000000007,0.13903414916,0.031631718126,12.4451201227,6.28168950888,6.23527881658,0.0,0.360213218121,0.0519690836626,3.53752414506,-0.00601590275011,-0.0622983929393,0.0,480.9706321125317,479.37319998219385,479.576773633695,480.79579898357605
1.3800000000000008,0.161556311925,0.0347203931705,12.6584419412,6.28118803658,6.23115380308,0.0,0.390877600626,0.0509475192902,3.5730678595,-0.0135098825185,-0.0865439303292,0.0,429.41875921918853,427.3529486388924,428.97371562877294,428.33696101519723
1.4400000000000008,0.186095795866,0.0377341867932,12.8757145689,6.28122263945,6.22683992448,0.0,0.4275594012,0.0494829012667,3.6690150805,0.0196098585186,-0.0523581196169,0.0,447.15034421324316,449.9223222278937,446.29090254924,448.9861799322444
1.5000000000000009,0.213088173223,0.040661923532,13.1017261176,6.28233276233,6.2233201076,0.0,0.472528523427,0.0482423499452,3.86403137792,0.016189063034,-0.0758773535401,0.0,480.20665803394996,478.4168524720276,478.1765588814036,477.91580262366324
1.560000000000001,0.242691810368,0.043542392364,13.3365536251,6.2831669626,6.21914071567,0.0,0.514678519047,0.0478659997241,3.96317352123,0.00888778684738,-0.0594653441129,0.0,450.53773631000195,451.85909299226273,451.5183018897884,450.92872630364104
1.620000000000001,0.274580323939,0.0464157444277,13.5722838264,4.17067255309e-06,6.21563140623,0.0,0.548556734191,0.0479425924489,3.89470795239,-0.0279733633965,-0.0566038487915,0.0,395.7736909053564,396.0341575609981,399.16379015811225,395.7852889799621
1.680000000000001,0.309137357011,0.0492850894075,13.8124266131,6.28173951281,6.21217395631,0.0,0.603696385954,0.0475175063235,4.10925971806,-0.0174714421306,-0.0597462181161,0.0,486.2546468185722,486.01719002767027,485.5885122205413,486.37568793059063
1.740000000000001,0.346947928854,0.0520999742639,14.063508013,6.28097756152,6.2083568811,0.0,0.657015146181,0.0462154163233,4.25952391705,-0.00454688792614,-0.0727708890511,0.0,468.96134490806054,467.94569221426985,468.6061963637296,469.60999055476157
1.8000000000000012,0.387844662284,0.0548289978069,14.3209578115,6.28103357375,6.20370761473,0.0,0.706618963672,0.0447439699722,4.32184884219,0.0101058873971,-0.0891507825993,0.0,443.5909445136001,442.23875520281285,442.45040538974894,443.65523288282185
1.8600000000000012,0.431954983339,0.0574702054141,14.5839229025,6.28117629683,6.19838356222,0.0,0.764242870653,0.0433454507046,4.44311833441,-0.0212917600502,-0.0879143729757,0.0,461.5771381229518,461.66847794455754,463.36343998053053,460.88832130910765
1.9200000000000013,0.47965734557,0.0600223192188,14.8544116772,6.27971723601,6.19287950617,0.0,0.826356832773,0.041581665784,4.57258458747,-0.0311842205605,-0.100738296991,0.0,465.699638167325,464.68861451629283,466.10777508875873,465.3338885459901
1.9800000000000013,0.531060429244,0.0624409750556,15.1310542017,6.27748894841,6.18663532211,0.0,0.88764752942,0.0388438065499,4.6484371052,-0.0530131926014,-0.11173402753,0.0,450.47729070071557,449.5777903153527,451.33267850795164,449.56648421713595
2.0400000000000014,0.586552634806,0.0646284013463,15.4151475257,6.27473127757,6.17987293837,0.0,0.962772145766,0.033744216908,4.82050863106,-0.0346661697088,-0.114723816067,0.0,479.9856129978892,479.74836951693834,479.73039183477067,481.1204813880825
2.1000000000000014,0.646159530133,0.0664971233038,15.7043404823,6.2727230956,6.17329516942,0.0,1.02469958857,0.028369504995,4.81915882702,-0.0311785998734,-0.10101504622,0.0,426.924952073215,428.0819559832127,428.62832049535047,428.92415862736595
2.1600000000000015,0.709995718424,0.0679698167212,15.9970401406,6.27046434445,6.16710814215,0.0,1.1037446233,0.020516238674,4.93686880972,-0.0555095383354,-0.107688760904,0.0,466.1142760103678,465.58363134467663,466.8424446874807,464.93910130125363
2.2200000000000015,0.778597562863,0.0689307045711,16.2958669369,6.26763022665,6.16042154691,0.0,1.18358068549,0.0112155129864,5.02350818763,-0.0344036868777,-0.120262083848,0.0,458.05535663890856,457.04350235394054,456.9835345640821,458.66165209638444
2.2800000000000016,0.852050279549,0.0692908023435,16.5992661988,6.26609492692,6.15329511534,0.0,1.26548549161,0.00062443721513,5.0893548602,-0.0121038089446,-0.115954787926,0.0,451.72981378489027,452.0646261312841,451.86051949305744,453.65473144696267
2.3400000000000016,0.930212905908,0.0690346182422,16.9040089042,6.26558897629,6.14644443118,0.0,1.3405101607,-0.00921396673271,5.06868740303,-0.00194913497924,-0.110845345236,0.0,426.28086025634815,426.70509226731866,423.9343156344059,424.80622094633696
2.4000000000000017,1.01293828088,0.0681884833282,17.2071183117,6.26576545318,6.13967072069,0.0,1.4175536062,-0.0189866858713,5.03496655282,0.0112671102935,-0.117342652731,0.0,421.6109692697331,421.0370027491692,420.4705995463809,421.6141701313032
2.4600000000000017,1.10060818513,0.0667365878755,17.5096319633,6.26599468895,6.13253400254,0.0,1.50537500025,-0.0293585699284,5.04859099212,-0.0184155422819,-0.122356885598,0.0,438.0308971834363,437.6006628755089,437.043379976658,434.5619342152047
2.520000000000002,1.19419907873,0.0646012972941,17.8163676379,6.2648904768,6.1250330508,0.0,1.61498889538,-0.0419208248149,5.17513891711,-0.0183795351139,-0.130942218134,0.0,472.5900946793303,471.91453044694185,472.78660360322067,472.78946009914546
2.580000000000002,1.29357906794,0.0617985786089,18.1247840543,6.26442486149,6.11716646447,0.0,1.69830274274,-0.0515613440444,5.10553912403,0.00777699514872,-0.131446636828,0.0,410.65046459153916,410.5883813898359,410.68547981839055,412.9994777359143
2.640000000000002,1.39898869302,0.058313652161,18.4344003015,6.26456440085,6.10969015978,0.0,1.8160182988,-0.0645541014564,5.21425403909,-0.0117580525259,-0.113590993322,0.0,467.73666099916926,469.1119316352403,469.5017133945967,467.983373561765
2.700000000000002,1.51120169256,0.0540913277691,18.7482060468,6.26374411355,6.10349623229,0.0,1.92493704028,-0.0762528797394,5.24557252895,-0.01780261862,-0.0879903706326,0.0,445.1894841050552,447.2700332051371,446.09874813918884,445.6049265080536
2.760000000000002,1.63027708222,0.0491270988964,19.0650854995,6.26253840354,6.09803055223,0.0,2.04465316689,-0.0893210744341,5.31652165464,-0.0251268955826,-0.0981602799594,0.0,458.4123383476743,457.5966034902177,460.81886031397585,460.2394694149961
2.820000000000002,1.75740525948,0.0432686401657,19.3902663777,6.26089365981,6.09250440337,0.0,2.1933723842,-0.106118745339,5.52156615998,-0.0324267665066,-0.0821347735236,0.0,499.562664404121,500.7237745109455,500.69104684135715,500.1595033230063
2.880000000000002,1.89248361266,0.036489571422,19.7220859044,6.25898214775,6.0875870024,0.0,2.30960093108,-0.120016289047,5.53877676471,-0.0307458286071,-0.0816030827396,0.0,445.6629074852238,445.7009489572628,446.51806764145965,446.6548419556913
2.940000000000002,2.03460169495,0.0288454007207,20.054843215,6.25787221841,6.08278013291,0.0,2.42801761073,-0.134907492762,5.55283448022,-0.00125445684442,-0.0772938380296,0.0,445.3341882081752,445.6814495284815,444.8610246936884,447.269778408029
3.000000000000002,2.18431235108,0.0202419703147,20.3904461927,6.25743958165,6.07930956377,0.0,2.56256073565,-0.151878554748,5.63329326444,-0.0231002140642,-0.0343337811915,0.0,466.21190383004915,469.5543519560611,467.43417002616616,465.7284076737276
3.0600000000000023,2.34187589947,0.0106408915101,20.7295606695,6.25575535377,6.07787232021,0.0,2.68958622894,-0.168287983289,5.67016300696,-0.0405451265819,-0.00868084531949,0.0,454.06487363944365,456.1184555094004,455.5045191550407,454.1067804126201
3.1200000000000023,2.50670354768,7.08435541754e-05,21.0691257085,6.25459914801,6.0779380727,0.0,2.80461143047,-0.184182720964,5.64866266215,0.00556108454356,0.0156976530351,0.0,436.2043499156341,438.23588311501123,434.6662424375936,438.5136540904219
3.1800000000000024,2.67837573474,-0.0114604585053,21.4072267897,6.25512244202,6.07912951363,0.0,2.91763183906,-0.200159782564,5.6214348592,0.0143926614384,0.0270938510121,0.0,434.48187986774417,435.4364744168302,434.6639879188965,435.4035358015759
3.2400000000000024,2.85713054279,-0.0239862996791,21.7453510998,6.25607411358,6.0814505379,0.0,3.04053466409,-0.217280092452,5.64917687261,0.0186472794311,0.0552519067911,0.0,451.698063000502,453.96426782475476,452.1763439384682,452.5189318432595
3.3000000000000025,3.0434705999,-0.0375576721399,22.0865155689,6.25755372615,6.08485670877,0.0,3.17027250327,-0.23495944248,5.72257350258,0.0345716358,0.059642866242,0.0,466.8779545248191,467.2225160189355,466.67759153096915,467.91922629470093
3.3600000000000025,3.2367898667,-0.0520677001169,22.4285286237,6.2594319826,6.08824028034,0.0,3.27334918156,-0.248554991497,5.67810210794,0.023804833173,0.0489414053653,0.0,431.3099691850475,430.40725847705744,430.4016365166543,429.489586000426
3.4200000000000026,3.43692187009,-0.0674488870703,22.7714588209,6.26110747241,6.09065667252,0.0,3.39724106603,-0.263989205252,5.75249187206,0.0351004556245,0.0108533272915,0.0,468.8347621414813,465.8660916866243,467.7625808929503,468.6417270123193
3.4800000000000026,3.6441654232,-0.0836919613762,23.1175210835,6.26302739107,6.09128958187,0.0,3.51066782215,-0.277257545308,5.78267987312,0.0249351764904,0.00993173406869,0.0,454.95072166875815,454.87678203720657,455.4817468293745,454.66822590933447
3.5400000000000027,3.85758062951,-0.100636077759,23.4622998444,6.26404356981,6.0917848164,0.0,3.603087302,-0.287450986907,5.71027298008,-0.00822280148803,0.00466723352636,0.0,422.88764594310993,422.4337027829024,422.8570011181369,419.9901854090353
3.6000000000000028,4.07687255495,-0.118217959528,23.8045927779,6.26336019369,6.09219868699,0.0,3.70650119872,-0.298661513966,5.69946982162,-0.0186248194682,0.0110226155343,0.0,441.22144387623445,441.74584046153916,442.4211289858093,441.5637669586409
3.660000000000003,4.30242535516,-0.136494842082,24.1466867006,6.26273274438,6.09295391206,0.0,3.81173032691,-0.310640042929,5.703569255,0.00224683567417,0.0155455017398,0.0,446.14137473436404,446.5104710974872,445.9620975792299,447.6641455487488
3.720000000000003,4.53491535909,-0.155567329023,24.4924650267,6.26361951648,6.09342681433,0.0,3.93759617916,-0.325034816261,5.82165683461,0.0323120936503,-0.0154557496412,0.0,482.431616083095,480.0846040681757,481.3197925515625,483.5901876809403
3.780000000000003,4.77388322226,-0.175374158208,24.8398765172,6.26565478767,6.09246966164,0.0,4.02801346254,-0.335044430864,5.75897003379,0.0369587910534,-0.0169650687558,0.0,426.77312601807625,426.64433076053746,426.09534040819284,426.493019158227
3.840000000000003,5.01856441033,-0.195775271315,25.1850506724,6.26754075061,6.09120503616,0.0,4.12800543893,-0.34481593842,5.74678695454,0.0170947113305,-0.0309239838899,0.0,442.7335969619037,441.5833106393956,443.85512680354907,442.2218451115676
3.900000000000003,5.26899797338,-0.216714420502,25.528208843,6.26835464468,6.08937035421,0.0,4.21985502555,-0.353086102366,5.69198526786,0.00535744694619,-0.0298950757306,0.0,428.4901333434908,428.57726911215417,429.4440195806454,428.44692345330185
3.960000000000003,5.52488658267,-0.238134212209,25.8677535855,6.26871553556,6.0874436128,0.0,4.30984620875,-0.360884945884,5.62639612793,0.00729830860957,-0.0369622003248,0.0,425.56331172081786,424.95736753547243,424.16626654778435,424.33285496508086
4.020000000000002,5.78648766511,-0.260038272952,26.2048929694,6.26883947707,6.08589731522,0.0,4.41022143214,-0.369224342404,5.6115198624,-0.011275127099,-0.00962223219297,0.0,440.29299030050134,442.5493875663572,441.43886671282536,439.90317493713627
4.080000000000001,6.0545652654,-0.28247727981,26.5434179672,6.2678539246,6.0849459676,0.0,4.52555099247,-0.378813663084,5.6721913864,-0.0294921896197,-0.0327980166261,0.0,466.6032202250823,464.7900757618623,465.04749841569173,463.61813450821154
4.14,6.32927824767,-0.305492809156,26.8841744549,6.26586172014,6.08287714548,0.0,4.6315657759,-0.388533377972,5.6861134727,-0.0419089554748,-0.0380765134738,0.0,451.7114846729193,451.2850377567121,451.81069737186533,450.80782021932373
4.199999999999998,6.6105379363,-0.329144301546,27.2266029484,6.2627922033,6.08023474126,0.0,4.74378549901,-0.40008741737,5.72774227462,-0.0854306183158,-0.0599496547181,0.0,461.16806917456205,459.43555759718794,462.70071058038167,459.2586504225177
4.259999999999997,6.89836201351,-0.353535728484,27.5705517727,6.25761804913,6.07618961916,0.0,4.85052242446,-0.413407783507,5.7369140993,-0.0878960164597,-0.0897436926244,0.0,452.30947599193945,449.89932062611734,451.7797937742139,451.57491301145416
4.319999999999996,7.19210132256,-0.378750112165,27.9124494175,6.2526212926,6.07105877771,0.0,4.94113160265,-0.427462617328,5.65981819392,-0.0753607154767,-0.0781751470808,0.0,423.6120175402011,424.5994405411793,422.9913005267268,424.06361114134467
4.379999999999995,7.49151973084,-0.404909066098,28.2505699438,6.247945188,6.0660156331,0.0,5.03977102621,-0.444868808053,5.61084937467,-0.0836535545067,-0.099635141506,0.0,433.7256559398417,431.9128509466036,433.3818817670557,432.6790627845694
4.439999999999993,7.79823579345,-0.432403347641,28.5916623517,6.24272032736,6.05993369831,0.0,5.18440308335,-0.472117524928,5.7576374625,-0.0950044909446,-0.105069665789,0.0,494.5357957177545,494.12748016757524,493.8107268547131,492.9670074227834
4.499999999999992,8.11274625836,-0.461467939983,28.937162922,6.23711167865,6.05314261259,0.0,5.29967213732,-0.497178329792,5.75862927103,-0.0905881611643,-0.138971389227,0.0,453.678415805295,450.9354857628885,451.48246148956923,451.83148680140636
4.559999999999991,8.43418162997,-0.492113604121,29.2822781143,6.23187443901,6.04493599058,0.0,5.41539213266,-0.524778205393,5.74478976347,-0.0813942599508,-0.132718806063,0.0,447.84155640067775,448.33281344891253,447.9750888434525,448.71597846654686
4.6199999999999894,8.76293579319,-0.524556582359,29.6275703613,6.22730002818,6.0365070113,0.0,5.54359527461,-0.557046283826,5.76430515574,-0.0675375271829,-0.164295621881,0.0,460.618134610446,458.09499053931273,459.6125839354948,460.70531763501214
4.679999999999988,9.09944217756,-0.558996840604,29.9736768257,6.22318929606,6.02690093444,0.0,5.67393658593,-0.591286621208,5.77190945924,-0.0705354175393,-0.152820193919,0.0,457.3870184288556,458.27662543501896,457.18724125685867,456.9448550453303
4.739999999999987,9.44361382305,-0.595493227525,30.3190417801,6.21901430997,6.01805820118,0.0,5.79902961217,-0.625583837458,5.73985287246,-0.0677443647572,-0.138271925533,0.0,446.53688950436623,447.7020489561466,444.9151986968958,445.1400435450213
4.799999999999986,9.79624915949,-0.634313357226,30.6654985958,6.21472989986,6.00948075739,0.0,5.95594785512,-0.668758548136,5.80764313185,-0.0799736632937,-0.154513887186,0.0,480.1415157725803,478.8897463820684,477.88647787524536,476.9495642361544
4.859999999999984,10.1571722476,-0.675495714332,31.0114714504,6.20984368104,6.0002396043,0.0,6.07541399395,-0.704343402653,5.72465616378,-0.0845350740924,-0.153049013076,0.0,432.07328229487257,432.1736628855777,432.6711493397097,432.2812602555797
4.919999999999983,10.5258998733,-0.719018360038,31.3542067663,6.20445972564,5.9917291884,0.0,6.21601477777,-0.746809820164,5.69932775611,-0.102942478012,-0.125684562294,0.0,450.46463413301655,452.6536743436053,452.7348133781747,451.2441428504826
4.979999999999982,10.9038055181,-0.765347463069,31.6974680791,6.19878945985,5.98408763343,0.0,6.38116978405,-0.797971051022,5.74175263737,-0.0814783745531,-0.130934692544,0.0,475.5034988382059,475.087358075269,472.7143044823357,474.3586337536165
5.0399999999999805,11.2913222615,-0.81473388089,32.0419069814,6.19402946155,5.97696009043,0.0,6.5363880121,-0.848609793618,5.73887807097,-0.0753578350816,-0.10166583888,0.0,461.427751452275,463.720568724995,461.4804652634879,461.95867348362435
